Selection	View	Channel	Begin Time (s)	End Time (s)	Low Freq (Hz)	High Freq (Hz)	Delta Time (s)	Delta Freq (Hz)	Avg Power Density (dB FS/Hz)	Annotation
1	Spectrogram 1	1	8541.303297800	8541.716277840	202.452	23873.684	0.4130	23671.232	-63.97	[P]
2	Spectrogram 1	1	8544.696230606	8545.095974107	147.657	23835.616	0.3997	23687.959	-62.68	[P]
3	Spectrogram 1	1	8548.496162844	8548.858844033	328.767	24000.000	0.3627	23671.233	-58.38	[P]
4	Spectrogram 1	1	8553.454403619	8553.825026732	219.178	24000.000	0.3706	23780.822	-61.25	[P]
5	Spectrogram 1	1	8560.612345542	8561.001499811	328.767	23945.205	0.3892	23616.438	-59.63	[P]
6	Spectrogram 1	1	8564.588553652	8564.961824073	219.178	24000.000	0.3733	23780.822	-60.73	[P]
7	Spectrogram 1	1	8566.442303191	8566.876461695	1150.685	22027.397	0.4342	20876.712	-69.14	[P]
8	Spectrogram 1	1	8570.730270526	8571.164429030	2027.397	22794.521	0.4342	20767.124	-66.69	[P]
9	Spectrogram 1	1	8576.138494360	8576.562063632	1863.014	24000.000	0.4236	22136.986	-64.40	[P]
10	Spectrogram 1	1	8581.650022497	8582.060355229	2465.753	20876.712	0.4103	18410.959	-66.84	[P]
11	Spectrogram 1	1	9675.354053583	9675.822627090	2410.959	12547.945	0.4686	10136.986	-72.01	[P]
12	Spectrogram 1	1	9678.045647345	9690.686542812	2739.726	11397.260	12.6409	8657.534	-74.73	[P]
13	Spectrogram 1	1	9692.311989894	9692.719675319	2575.342	9753.425	0.4077	7178.083	-71.02	[P]
14	Spectrogram 1	1	9695.158615012	9695.563653128	2465.753	10356.164	0.4050	7890.411	-70.63	[P]
15	Spectrogram 1	1	9697.654254236	9698.040761197	2575.342	11123.288	0.3865	8547.946	-70.09	[P]
16	Spectrogram 1	1	9700.364379153	9700.750886114	2520.548	11561.644	0.3865	9041.096	-71.23	[P]
17	Spectrogram 1	1	9703.900024315	9704.270647428	2575.342	12712.329	0.3706	10136.987	-71.66	[P]
18	Spectrogram 1	1	9708.767372874	9709.124759448	2630.137	11835.616	0.3574	9205.479	-71.91	[P]
19	Spectrogram 1	1	11250.969947153	11251.374985269	1534.247	23068.493	0.4050	21534.246	-62.39	[P]
20	Spectrogram 1	1	12873.062212799	12873.430188604	3068.493	10849.315	0.3680	7780.822	-74.87	[P]
21	Spectrogram 1	1	12878.964991533	12879.348851186	2739.726	10410.959	0.3839	7671.233	-74.40	[P]
22	Spectrogram 1	1	12885.385483936	12885.742870510	2958.904	9698.630	0.3574	6739.726	-76.29	[P]
23	Spectrogram 1	1	12950.288274938	12950.595362660	1369.863	12657.534	0.3071	11287.671	-72.28	[P]
24	Spectrogram 1	1	12953.946797649	12954.301536914	2739.726	10684.932	0.3547	7945.206	-74.94	[P]
25	Spectrogram 1	1	12956.639077174	12957.094414142	2410.959	11342.466	0.4553	8931.507	-72.67	[P]
26	Spectrogram 1	1	12957.303551470	12971.127793592	2356.164	12547.945	13.8242	10191.781	-73.87	[P]
27	Spectrogram 1	1	13006.914397700	13008.399537461	1424.658	4000.000	1.4851	2575.342	-74.03	[P?]
28	Spectrogram 1	1	13015.317364547	13016.373640420	1041.096	3506.849	1.0563	2465.753	-71.27	[P?]
29	Spectrogram 1	1	13018.699905684	13019.838248103	1424.658	3945.205	1.1383	2520.547	-73.94	[P?]
30	Spectrogram 1	1	13023.434422135	13027.002993254	2136.986	3506.849	3.5686	1369.863	-76.20	[P?]
31	Spectrogram 1	1	13032.022700539	13033.468130680	1589.041	4054.795	1.4454	2465.754	-73.88	[P?]
32	Spectrogram 1	1	13039.787693044	13042.188801356	1698.630	4273.973	2.4011	2575.343	-75.12	[P?]
33	Spectrogram 1	1	16362.859137371	16363.163577786	0.000	13479.452	0.3044	13479.452	-59.23	[P]
34	Spectrogram 1	1	16372.601137550	16372.884399501	1260.274	13917.808	0.2833	12657.534	-68.13	[P]
35	Spectrogram 1	1	16374.920144813	16375.229879844	1808.219	12493.151	0.3097	10684.932	-70.47	[P]
36	Spectrogram 1	1	16378.487019027	16378.947650610	2027.397	12767.123	0.4606	10739.726	-66.00	[P]
37	Spectrogram 1	1	16381.877788258	16382.304004838	2410.959	13095.890	0.4262	10684.931	-64.99	[P]
38	Spectrogram 1	1	16386.161088369	16386.563479178	2136.986	21698.630	0.4024	19561.644	-67.52	[P]
39	Spectrogram 1	1	16390.584707721	16390.997687761	1643.836	22082.192	0.4130	20438.356	-67.28	[P]
40	Spectrogram 1	1	16394.579469465	16394.992449506	2082.192	22356.164	0.4130	20273.972	-67.97	[P]
41	Spectrogram 1	1	16401.856843842	16402.280413114	2410.959	12164.384	0.4236	9753.425	-64.85	[P]
42	Spectrogram 1	1	16408.080583143	16408.459148180	2191.781	11013.699	0.3786	8821.918	-67.69	[P]
43	Spectrogram 1	1	16429.135109026	16429.376014049	1315.068	10410.959	0.2409	9095.891	-75.44	[P]
44	Spectrogram 1	1	16841.327161143	16841.692489641	2520.548	10301.370	0.3653	7780.822	-70.87	[P]
45	Spectrogram 1	1	16837.542229198	16837.955209238	2849.315	10191.781	0.4130	7342.466	-70.86	[P]
46	Spectrogram 1	1	16945.875409552	16946.232796125	3068.493	6082.192	0.3574	3013.699	-77.56	[P]
47	Spectrogram 1	1	17088.384352561	17088.728502594	2630.137	10301.370	0.3442	7671.233	-76.58	[P]
48	Spectrogram 1	1	17339.790406266	17340.171618611	2630.137	10520.548	0.3812	7890.411	-72.90	[P]
49	Spectrogram 1	1	17348.905139739	17349.296941316	2630.137	10246.575	0.3918	7616.438	-73.36	[P]
50	Spectrogram 1	1	17371.870245953	17372.277931377	2410.959	5369.863	0.4077	2958.904	-74.90	[P]
51	Spectrogram 1	1	17479.447093654	17479.805598848	132.823	10432.418	0.3585	10299.595	-68.61	[P]
52	Spectrogram 1	1	17523.661372279	17524.067105703	181.406	6351.446	0.4057	6170.040	-68.57	[P]
53	Spectrogram 1	1	17532.261660035	17532.693154312	132.823	5962.782	0.4315	5829.960	-67.92	[P]
54	Spectrogram 1	1	19012.966232250	19013.266775527	0.000	5914.199	0.3005	5914.199	-65.73	[P]
55	Spectrogram 1	1	19105.084977755	19105.351173229	0.000	6059.948	0.2662	6059.948	-62.47	[P?]
56	Spectrogram 1	1	19616.467655687	19616.744584849	84.240	10092.337	0.2769	10008.097	-68.08	[P]
57	Spectrogram 1	1	20239.304221747	20239.709955171	35.657	24000.000	0.4057	23964.343	-66.31	[P]
58	Spectrogram 1	1	21883.430660871	21883.909383377	97.166	24000.000	0.4787	23902.834	-68.79	[P]
59	Spectrogram 1	1	21898.780769921	21899.218704411	0.000	24000.000	0.4379	24000.000	-69.06	[P]
60	Spectrogram 1	1	24413.027720206	24413.506442712	194.332	11028.340	0.4787	10834.008	-70.65	[P]
61	Spectrogram 1	1	24407.732641328	24408.164135604	97.166	12000.000	0.4315	11902.834	-67.24	[P]
62	Spectrogram 1	1	24420.667036645	24421.113558085	97.166	11951.417	0.4465	11854.251	-66.64	[P]
63	Spectrogram 1	1	26088.570031576	26088.892042230	194.332	22882.591	0.3220	22688.259	-70.40	[P]
64	Spectrogram 1	1	26097.710583244	26098.154957947	194.332	22348.178	0.4444	22153.846	-60.87	[P]
65	Spectrogram 1	1	26158.853586074	26159.278640137	0.000	24000.000	0.4251	24000.000	-59.30	[P]
66	Spectrogram 1	1	26161.320189351	26161.700161923	145.749	24000.000	0.3800	23854.251	-59.14	[P]
67	Spectrogram 1	1	26164.329917447	26164.718476969	97.166	24000.000	0.3886	23902.834	-58.89	[P]
68	Spectrogram 1	1	26171.340799950	26171.714332309	0.000	11319.838	0.3735	11319.838	-68.04	[P]
69	Spectrogram 1	1	26533.549042383	26533.959069282	2526.316	5392.713	0.4100	2866.397	-75.48	[P]
70	Spectrogram 1	1	26541.395387631	26541.753892826	2817.814	5927.126	0.3585	3109.312	-73.39	[P]
71	Spectrogram 1	1	29617.840776793	29618.179961349	97.166	13506.073	0.3392	13408.907	-60.27	[P]
72	Spectrogram 1	1	30415.455162933	30415.714918194	291.498	11854.251	0.2598	11562.753	-69.59	[P]
73	Spectrogram 1	1	31470.453567041	31470.769137482	97.166	12923.077	0.3156	12825.911	-64.21	[P]
74	Spectrogram 1	1	31478.854207924	31479.141870775	291.498	11805.668	0.2877	11514.170	-70.12	[P]
75	Spectrogram 1	1	32885.697456608	32886.040934639	0.000	12485.830	0.3435	12485.830	-57.54	[P]
76	Spectrogram 1	1	34382.619299688	34383.057234177	0.000	11708.502	0.4379	11708.502	-68.52	[P]
77	Spectrogram 1	1	34390.077522723	34390.485402885	145.749	11514.170	0.4079	11368.421	-68.95	[P]
78	Spectrogram 1	1	34576.738171077	34591.631558949	2574.899	3595.142	14.8934	1020.243	-44.38	Retrieving Audiomoth Foxtrot1
