Selection	View	Channel	Begin Time (s)	End Time (s)	Low Freq (Hz)	High Freq (Hz)	Delta Time (s)	Delta Freq (Hz)	Avg Power Density (dB FS/Hz)	Annotation
1	Spectrogram 1	1	0.000000000	15.756437840	3144.969	4310.960	15.7564	1165.991	-47.50	Audiomoth Echo1; 10:50 MDT; August 22, 2024; Near Crown Point
2	Spectrogram 1	1	143.323550761	143.598333186	0.000	6254.280	0.2748	6254.280	-42.34	[P?]
3	Spectrogram 1	1	2274.311803787	2274.633435571	0.000	24000.000	0.3216	24000.000	-56.77	[P]
6	Spectrogram 1	1	2404.065071738	2404.417136720	0.000	24000.000	0.3521	24000.000	-50.14	[P]
7	Spectrogram 1	1	2407.214102772	2407.533966688	0.000	8727.273	0.3199	8727.273	-56.76	[P]
8	Spectrogram 1	1	2412.545480027	2412.821500169	0.000	10197.628	0.2760	10197.628	-65.73	[P]
9	Spectrogram 1	1	2417.272044585	2417.623376647	0.000	7256.917	0.3513	7256.917	-61.88	[P]
10	Spectrogram 1	1	2424.119988542	2424.389797684	0.000	5549.407	0.2698	5549.407	-56.71	[P]
11	Spectrogram 1	1	2425.804158891	2425.960870743	0.000	4553.360	0.1567	4553.360	-59.68	[P?]
12	Spectrogram 1	1	3236.953734853	3237.310093310	0.000	24000.000	0.3564	24000.000	-59.26	[P]
13	Spectrogram 1	1	3244.130582318	3244.400497687	0.000	24000.000	0.2699	24000.000	-56.23	[P]
14	Spectrogram 1	1	3245.844861342	3263.405760301	0.000	15455.782	17.5609	15455.782	-62.59	[P, long call]
15	Spectrogram 1	1	3265.344644067	3265.770780426	189.723	23667.984	0.4261	23478.261	-56.47	[P]
16	Spectrogram 1	1	3267.617918674	3268.034951532	0.000	24000.000	0.4170	24000.000	-55.07	[P]
17	Spectrogram 1	1	3270.958326396	3271.387715294	47.431	24000.000	0.4294	23952.569	-56.95	[P]
18	Spectrogram 1	1	4469.919515771	4470.166390605	0.000	4411.067	0.2469	4411.067	-68.66	[P]
19	Spectrogram 1	1	4475.574570363	4475.836472361	0.000	4980.237	0.2619	4980.237	-70.19	[P]
20	Spectrogram 1	1	4478.204760245	4478.458075293	0.000	9687.075	0.2533	9687.075	-73.42	[P]
21	Spectrogram 1	1	4481.372667835	4481.578754654	0.000	4458.498	0.2061	4458.498	-72.10	[P]
22	Spectrogram 1	1	4595.735529972	4595.943763529	0.000	10150.198	0.2082	10150.198	-47.15	[P]
23	Spectrogram 1	1	4887.044157907	4887.409103315	0.000	24000.000	0.3649	24000.000	-54.97	[P]
24	Spectrogram 1	1	4977.520737871	4977.771906181	0.000	24000.000	0.2512	24000.000	-54.81	[P]
25	Spectrogram 1	1	5292.260054934	5292.627339943	47.431	24000.000	0.3673	23952.569	-64.38	[P]
26	Spectrogram 1	1	5387.754395056	5388.213862879	0.000	24000.000	0.4595	24000.000	-62.50	[P]
27	Spectrogram 1	1	5395.175678540	5395.459047916	0.000	24000.000	0.2834	24000.000	-65.73	[P]
28	Spectrogram 1	1	5402.107428387	5402.458338372	0.000	24000.000	0.3509	24000.000	-55.46	[P]
29	Spectrogram 1	1	5408.867276923	5409.099714937	0.000	24000.000	0.2324	24000.000	-54.33	[P]
30	Spectrogram 1	1	5496.051825892	5496.290113776	0.000	12237.154	0.2383	12237.154	-70.00	[P]
31	Spectrogram 1	1	5499.877978043	5500.223602812	0.000	24000.000	0.3456	24000.000	-61.29	[P]\
32	Spectrogram 1	1	5503.366984940	5503.675734450	0.000	12426.877	0.3087	12426.877	-63.10	[P]
33	Spectrogram 1	1	5505.073644009	5505.288317779	0.000	10339.921	0.2147	10339.921	-47.20	[P]
34	Spectrogram 1	1	5545.597669247	5545.801609328	0.000	5644.269	0.2039	5644.269	-57.45	[P]
35	Spectrogram 1	1	5567.497431063	5567.785093914	0.000	5976.285	0.2877	5976.285	-73.03	[P]
36	Spectrogram 1	1	5577.551649435	5577.976703498	0.000	5786.561	0.4251	5786.561	-54.91	[P]
37	Spectrogram 1	1	5580.423986212	5580.861163184	0.000	9960.474	0.4372	9960.474	-72.62	[P]
38	Spectrogram 1	1	5583.010810052	5583.449334884	0.000	9391.304	0.4385	9391.304	-71.18	[P]
39	Spectrogram 1	1	5585.144663703	5585.547968062	0.000	10434.783	0.4033	10434.783	-53.91	[P]
40	Spectrogram 1	1	5591.277889997	5591.751885197	0.000	10624.506	0.4740	10624.506	-44.12	[P]
41	Spectrogram 1	1	5597.758888864	5598.201116828	0.000	12332.016	0.4422	12332.016	-64.89	[P]
42	Spectrogram 1	1	5606.777329520	5607.026695459	0.000	12284.585	0.2494	12284.585	-54.74	[P]
43	Spectrogram 1	1	5611.483042958	5611.691268679	0.000	12142.292	0.2082	12142.292	-44.88	[P]
44	Spectrogram 1	1	5618.294747345	5618.544133964	0.000	9438.735	0.2494	9438.735	-70.12	[P]
45	Spectrogram 1	1	5734.646713190	5734.900028237	0.000	5264.822	0.2533	5264.822	-54.71	[P?]
46	Spectrogram 1	1	5989.425389235	5989.824682446	0.000	5359.684	0.3993	5359.684	-69.60	[P]
47	Spectrogram 1	1	6053.478552802	6053.904148013	0.000	6308.300	0.4256	6308.300	-45.25	[P]
48	Spectrogram 1	1	6274.732591715	6274.983829901	0.000	9675.889	0.2512	9675.889	-49.59	[P]
49	Spectrogram 1	1	6279.367465815	6279.837941819	0.000	10624.506	0.4705	10624.506	-70.28	[P]
50	Spectrogram 1	1	6354.459962198	6354.769092426	0.000	11193.676	0.3091	11193.676	-73.37	[P]
51	Spectrogram 1	1	6356.222433844	6356.418856425	0.000	10529.644	0.1964	10529.644	-71.29	[P]
52	Spectrogram 1	1	6362.728380218	6362.936613774	0.000	10671.937	0.2082	10671.937	-65.22	[P]
53	Spectrogram 1	1	6658.738867865	6658.982043485	0.000	11762.846	0.2432	11762.846	-66.49	[P]
54	Spectrogram 1	1	6732.652440372	6732.911442033	0.000	13517.787	0.2590	13517.787	-61.02	[P]
55	Spectrogram 1	1	3244.412603833	3244.582089885	0.000	24000.000	0.1695	24000.000	-55.30	[P]
56	Spectrogram 1	1	3244.582089885	3244.693466433	0.000	14258.503	0.1114	14258.503	-60.33	[P]
